>TTSATATGCAAA	1-TTSATATGCAAA	7.799049	-1261.097082	0	T:2473.0(26.89%),B:280.0(2.81%),P:1e-547	Tpos:164.0,Tstd:79.8,Bpos:177.0,Bstd:123.3,StrandBias:0.0,Multiplicity:1.15
0.069	0.060	0.043	0.828
0.108	0.012	0.306	0.574
0.131	0.459	0.360	0.050
0.588	0.014	0.008	0.390
0.220	0.158	0.059	0.563
0.645	0.018	0.027	0.310
0.028	0.001	0.001	0.970
0.010	0.031	0.811	0.148
0.162	0.672	0.025	0.141
0.831	0.001	0.001	0.167
0.507	0.036	0.139	0.318
0.740	0.011	0.174	0.075
>AAAAAAAAAAAA	2-AAAAAAAAAAAA	4.952818	-1190.923893	0	T:3825.0(41.59%),B:1130.0(11.33%),P:1e-517	Tpos:189.1,Tstd:130.6,Bpos:166.8,Bstd:115.3,StrandBias:-0.1,Multiplicity:1.41
0.616	0.001	0.382	0.001
0.602	0.001	0.396	0.001
0.628	0.001	0.370	0.001
0.648	0.001	0.350	0.001
0.689	0.001	0.309	0.001
0.732	0.001	0.266	0.001
0.717	0.001	0.281	0.001
0.697	0.001	0.301	0.001
0.690	0.001	0.308	0.001
0.712	0.001	0.286	0.001
0.712	0.001	0.286	0.001
0.639	0.001	0.359	0.001
>CWGRVBNCAGRG	3-CWGRVBNCAGRG	5.614459	-1190.633370	0	T:6198.0(67.38%),B:3247.0(32.54%),P:1e-517	Tpos:176.5,Tstd:117.7,Bpos:175.4,Bstd:117.7,StrandBias:0.0,Multiplicity:1.73
0.001	0.730	0.268	0.001
0.514	0.001	0.001	0.484
0.001	0.068	0.930	0.001
0.349	0.162	0.349	0.140
0.263	0.271	0.379	0.087
0.184	0.363	0.228	0.225
0.209	0.242	0.237	0.311
0.001	0.824	0.174	0.001
0.588	0.001	0.001	0.410
0.132	0.074	0.793	0.001
0.355	0.130	0.377	0.138
0.242	0.234	0.434	0.090
>CAGAGGCTGGGA	4-CAGAGGCTGGGA	5.314484	-1161.694035	0	T:6705.0(72.90%),B:3862.0(38.71%),P:1e-504	Tpos:174.0,Tstd:116.4,Bpos:175.0,Bstd:116.4,StrandBias:0.0,Multiplicity:1.69
0.128	0.590	0.239	0.043
0.517	0.157	0.133	0.193
0.220	0.215	0.545	0.020
0.578	0.027	0.273	0.122
0.105	0.036	0.785	0.074
0.083	0.307	0.521	0.089
0.051	0.825	0.066	0.058
0.268	0.042	0.066	0.624
0.064	0.041	0.809	0.086
0.206	0.064	0.615	0.115
0.186	0.200	0.582	0.032
0.411	0.259	0.222	0.108
>AGGAAGYTGAAG	5-AGGAAGYTGAAG	5.314765	-1139.125475	0	T:6377.0(69.33%),B:3519.0(35.27%),P:1e-494	Tpos:177.4,Tstd:120.2,Bpos:176.6,Bstd:118.3,StrandBias:-0.1,Multiplicity:1.30
0.532	0.046	0.169	0.253
0.172	0.001	0.768	0.059
0.111	0.081	0.790	0.018
0.653	0.111	0.175	0.061
0.725	0.006	0.245	0.024
0.221	0.172	0.492	0.115
0.170	0.418	0.128	0.284
0.121	0.088	0.214	0.577
0.133	0.150	0.607	0.110
0.609	0.085	0.246	0.060
0.709	0.023	0.215	0.053
0.183	0.070	0.641	0.106
>CWGCAGAGCAGG	6-CWGCAGAGCAGG	5.170723	-1087.043030	0	T:7026.0(76.39%),B:4368.0(43.78%),P:1e-472	Tpos:177.7,Tstd:118.5,Bpos:180.0,Bstd:119.0,StrandBias:-0.1,Multiplicity:1.63
0.189	0.485	0.211	0.115
0.445	0.001	0.069	0.485
0.030	0.105	0.718	0.147
0.154	0.499	0.346	0.001
0.558	0.094	0.076	0.272
0.267	0.290	0.441	0.001
0.488	0.001	0.219	0.292
0.090	0.216	0.682	0.012
0.220	0.554	0.225	0.001
0.696	0.001	0.001	0.302
0.248	0.001	0.748	0.003
0.251	0.195	0.432	0.122
>TTGTYATGCAAA	7-TTGTYATGCAAA	7.382387	-1007.526637	0	T:2541.0(27.63%),B:482.0(4.83%),P:1e-437	Tpos:172.9,Tstd:94.8,Bpos:176.5,Bstd:117.9,StrandBias:-0.1,Multiplicity:1.09
0.042	0.122	0.037	0.799
0.069	0.010	0.001	0.920
0.160	0.106	0.601	0.133
0.011	0.038	0.117	0.834
0.176	0.317	0.102	0.406
0.792	0.037	0.059	0.112
0.016	0.001	0.053	0.930
0.027	0.016	0.627	0.330
0.016	0.544	0.139	0.301
0.693	0.027	0.016	0.264
0.630	0.048	0.274	0.048
0.806	0.037	0.075	0.082
>WYTYCCAGGRAR	8-WYTYCCAGGRAR	5.577719	-884.158301	0	T:4862.0(52.86%),B:2364.0(23.69%),P:1e-383	Tpos:177.7,Tstd:120.8,Bpos:180.2,Bstd:117.6,StrandBias:0.1,Multiplicity:1.29
0.261	0.169	0.186	0.385
0.052	0.288	0.235	0.425
0.055	0.292	0.112	0.541
0.060	0.464	0.062	0.414
0.158	0.593	0.001	0.248
0.252	0.744	0.001	0.003
0.674	0.040	0.001	0.285
0.331	0.001	0.626	0.042
0.285	0.045	0.637	0.033
0.464	0.100	0.413	0.023
0.591	0.002	0.255	0.152
0.287	0.181	0.418	0.113
>TBTBTBTBTBTK	9-TBTBTBTBTBTK	5.411678	-797.284956	0	T:5003.0(54.39%),B:2633.0(26.39%),P:1e-346	Tpos:189.8,Tstd:129.4,Bpos:172.9,Bstd:116.3,StrandBias:0.0,Multiplicity:1.61
0.044	0.038	0.059	0.859
0.008	0.268	0.335	0.389
0.037	0.055	0.081	0.827
0.009	0.291	0.303	0.397
0.032	0.047	0.076	0.845
0.016	0.274	0.304	0.405
0.039	0.049	0.074	0.838
0.014	0.296	0.289	0.401
0.039	0.052	0.065	0.844
0.018	0.279	0.339	0.364
0.048	0.047	0.042	0.863
0.031	0.037	0.431	0.501
>DGCHCWGDGCWK	10-DGCHCWGDGCWK	5.328319	-781.625834	0	T:5686.0(61.82%),B:3347.0(33.55%),P:1e-339	Tpos:177.6,Tstd:118.2,Bpos:180.9,Bstd:118.9,StrandBias:-0.0,Multiplicity:1.36
0.343	0.048	0.309	0.300
0.157	0.147	0.544	0.152
0.001	0.812	0.186	0.001
0.354	0.288	0.001	0.357
0.142	0.579	0.091	0.188
0.538	0.001	0.001	0.460
0.237	0.149	0.604	0.010
0.424	0.002	0.279	0.295
0.001	0.138	0.860	0.001
0.143	0.634	0.182	0.041
0.409	0.079	0.001	0.511
0.162	0.164	0.340	0.334
>WAGAACAAAGGN	11-WAGAACAAAGGN	6.624259	-755.022810	0	T:3096.0(33.66%),B:1083.0(10.85%),P:1e-327	Tpos:169.2,Tstd:109.1,Bpos:180.4,Bstd:119.3,StrandBias:0.1,Multiplicity:1.11
0.361	0.196	0.198	0.245
0.728	0.009	0.114	0.149
0.254	0.076	0.524	0.146
0.625	0.099	0.238	0.038
0.801	0.063	0.094	0.042
0.113	0.700	0.105	0.082
0.724	0.232	0.002	0.042
0.976	0.009	0.012	0.003
0.683	0.001	0.083	0.233
0.127	0.001	0.781	0.091
0.108	0.119	0.752	0.021
0.309	0.207	0.265	0.219
>WGCWGCWGCWGC	12-WGCWGCWGCWGC	-4.823374	-594.529632	0	T:4090.0(44.47%),B:2129.0(21.34%),P:1e-258	Tpos:174.7,Tstd:116.4,Bpos:172.5,Bstd:117.9,StrandBias:-0.0,Multiplicity:1.47
0.559	0.001	0.001	0.439
0.001	0.001	0.997	0.001
0.001	0.997	0.001	0.001
0.487	0.001	0.001	0.511
0.001	0.001	0.997	0.001
0.001	0.997	0.001	0.001
0.504	0.001	0.001	0.494
0.001	0.001	0.997	0.001
0.001	0.997	0.001	0.001
0.494	0.001	0.001	0.504
0.001	0.001	0.997	0.001
0.001	0.971	0.027	0.001
>CCCCCCCCCCCC	13-CCCCCCCCCCCC	5.220548	-525.276798	0	T:4974.0(54.08%),B:3105.0(31.12%),P:1e-228	Tpos:179.6,Tstd:119.5,Bpos:165.8,Bstd:113.5,StrandBias:-0.0,Multiplicity:1.52
0.119	0.734	0.062	0.085
0.102	0.793	0.001	0.104
0.159	0.740	0.006	0.095
0.140	0.730	0.042	0.088
0.133	0.709	0.067	0.091
0.139	0.756	0.027	0.078
0.138	0.826	0.003	0.033
0.152	0.813	0.001	0.034
0.208	0.676	0.001	0.115
0.164	0.699	0.050	0.087
0.204	0.735	0.001	0.060
0.214	0.642	0.037	0.107
>ARDNTGACCTTG	14-ARDNTGACCTTG	6.977987	-497.527709	0	T:2270.0(24.68%),B:819.0(8.21%),P:1e-216	Tpos:174.4,Tstd:116.2,Bpos:173.9,Bstd:119.3,StrandBias:-0.0,Multiplicity:1.11
0.501	0.093	0.119	0.287
0.320	0.110	0.387	0.183
0.275	0.141	0.326	0.257
0.179	0.283	0.318	0.220
0.306	0.001	0.001	0.692
0.181	0.149	0.669	0.001
0.502	0.080	0.321	0.097
0.045	0.953	0.001	0.001
0.001	0.715	0.001	0.283
0.001	0.001	0.001	0.997
0.003	0.001	0.350	0.646
0.029	0.098	0.686	0.187
>AGAAATGCAAAT	15-AGAAATGCAAAT	8.065483	-360.663157	0	T:1058.0(11.50%),B:219.0(2.20%),P:1e-156	Tpos:170.7,Tstd:102.4,Bpos:177.9,Bstd:106.8,StrandBias:0.1,Multiplicity:1.05
0.544	0.035	0.208	0.213
0.239	0.209	0.405	0.147
0.732	0.001	0.237	0.030
0.537	0.244	0.136	0.083
0.798	0.040	0.055	0.107
0.035	0.035	0.075	0.855
0.041	0.040	0.713	0.206
0.028	0.563	0.162	0.247
0.647	0.043	0.001	0.309
0.906	0.021	0.055	0.018
0.773	0.038	0.037	0.152
0.091	0.081	0.109	0.719
>VTGCGCATGCGC	16-VTGCGCATGCGC	9.896785	-219.851694	0	T:493.0(5.36%),B:60.0(0.60%),P:1e-95	Tpos:158.8,Tstd:105.1,Bpos:141.6,Bstd:97.0,StrandBias:0.0,Multiplicity:1.18
0.204	0.298	0.335	0.163
0.073	0.265	0.191	0.471
0.169	0.006	0.814	0.011
0.117	0.804	0.001	0.078
0.089	0.001	0.905	0.005
0.001	0.944	0.033	0.022
0.568	0.174	0.183	0.075
0.034	0.224	0.180	0.562
0.006	0.039	0.944	0.011
0.006	0.876	0.006	0.112
0.023	0.017	0.859	0.101
0.001	0.836	0.028	0.135
>TRCATATGCAYA	17-TRCATATGCAYA	8.281832	-194.042928	0	T:732.0(7.96%),B:202.0(2.02%),P:1e-84	Tpos:179.4,Tstd:107.4,Bpos:172.8,Bstd:113.1,StrandBias:-0.0,Multiplicity:1.17
0.126	0.160	0.001	0.713
0.447	0.024	0.492	0.036
0.220	0.499	0.006	0.275
0.997	0.001	0.001	0.001
0.015	0.103	0.006	0.876
0.521	0.001	0.345	0.133
0.024	0.283	0.012	0.681
0.208	0.024	0.702	0.066
0.001	0.769	0.001	0.229
0.829	0.001	0.116	0.054
0.090	0.454	0.042	0.413
0.997	0.001	0.001	0.001
>BKGAGGCAGASK	18-BKGAGGCAGASK	9.273393	-127.986946	0	T:404.0(4.39%),B:89.0(0.89%),P:1e-55	Tpos:185.6,Tstd:126.2,Bpos:172.2,Bstd:99.8,StrandBias:0.1,Multiplicity:1.00
0.029	0.326	0.366	0.279
0.204	0.087	0.401	0.308
0.029	0.001	0.883	0.087
0.819	0.001	0.001	0.179
0.001	0.001	0.997	0.001
0.029	0.058	0.797	0.116
0.001	0.997	0.001	0.001
0.997	0.001	0.001	0.001
0.001	0.001	0.997	0.001
0.731	0.001	0.001	0.267
0.180	0.273	0.401	0.146
0.064	0.209	0.297	0.430
>GGCGGCGGCGGC	19-GGCGGCGGCGGC	9.509267	-84.696277	0	T:567.0(6.16%),B:247.0(2.48%),P:1e-36	Tpos:168.4,Tstd:118.6,Bpos:156.7,Bstd:100.4,StrandBias:0.1,Multiplicity:1.13
0.001	0.139	0.859	0.001
0.067	0.001	0.931	0.001
0.270	0.625	0.001	0.104
0.001	0.068	0.930	0.001
0.007	0.191	0.801	0.001
0.228	0.628	0.001	0.143
0.077	0.206	0.716	0.001
0.055	0.029	0.915	0.001
0.136	0.770	0.001	0.093
0.001	0.061	0.896	0.042
0.095	0.275	0.629	0.001
0.145	0.449	0.254	0.151
>TRAATAAATGAA	20-TRAATAAATGAA	10.373595	-38.380536	0	T:146.0(1.59%),B:41.0(0.41%),P:1e-16	Tpos:178.0,Tstd:118.7,Bpos:171.5,Bstd:97.1,StrandBias:-0.3,Multiplicity:1.04
0.146	0.001	0.108	0.745
0.552	0.035	0.412	0.001
0.785	0.035	0.001	0.179
0.786	0.001	0.143	0.070
0.035	0.142	0.001	0.822
0.796	0.035	0.168	0.001
0.997	0.001	0.001	0.001
0.928	0.070	0.001	0.001
0.001	0.035	0.070	0.894
0.299	0.001	0.699	0.001
0.997	0.001	0.001	0.001
0.749	0.001	0.070	0.180
