AC  M0852_0.90.txt_1
XX
ID  ALX3
XX
DE  taattrr
P0       A     C     G     T
1    0.144397 0.120611 0.119411 0.615582
2    0.64421 0.107557 0.134025 0.114208
3    0.733858 0.0223833 0.0926024 0.151156
4    0.0805425 0.104458 0.116604 0.698395
5    0.170686 0.157563 0.174135 0.497616
6    0.375164 0.124881 0.304102 0.195853
7    0.313095 0.175301 0.329148 0.182456
XX
CC  program: cis-bp
CC  matrix.nb: 1
CC  accession: M0852_0.90.txt_1
CC  AC: M0852_0.90.txt_1
CC  id: ARX_ALX4_PHOX2B_PRRX1_RAX_ALX3_UNCX_PHOX2A_DRGX_ISX_ALX1_DMBX1
CC  name: ARX_ALX4_PHOX2B_PRRX1_RAX_ALX3_UNCX_PHOX2A_DRGX_ISX_ALX1_DMBX1
CC  version: 
CC  matrix.nb: 1
CC  consensus.strict: taattag
CC  consensus.strict.rc: CTAATTA
CC  consensus.IUPAC: taattrr
CC  consensus.IUPAC.rc: YYAATTA
CC  consensus.regexp: taatt[ag][ag]
CC  consensus.regexp.rc: [CT][CT]AATTA
XX
//
AC  M0115_0.90.txt_1
XX
ID  ARID3A
XX
DE  yratyaaa
P0       A     C     G     T
1    0.245252 0.271045 0.215355 0.268348
2    0.30832 0.196593 0.254968 0.24012
3    0.941882 0.000248548 0.000593262 0.0572759
4    0.0517629 0.0350464 0.000248248 0.912942
5    0.191668 0.309749 0.0887446 0.409838
6    0.562171 0.100666 0.162683 0.174479
7    0.502612 0.159145 0.175883 0.16236
8    0.416728 0.148775 0.23567 0.198827
XX
CC  program: cis-bp
CC  matrix.nb: 1
CC  accession: M0115_0.90.txt_1
CC  AC: M0115_0.90.txt_1
CC  id: ARID3A_ARID3B_ARID3C
CC  name: ARID3A_ARID3B_ARID3C
CC  version: 
CC  matrix.nb: 1
CC  consensus.strict: caattaaa
CC  consensus.strict.rc: TTTAATTG
CC  consensus.IUPAC: yratyaaa
CC  consensus.IUPAC.rc: TTTRATYR
CC  consensus.regexp: [ct][ag]at[ct]aaa
CC  consensus.regexp.rc: TTT[AG]AT[CT][AG]
XX
//
AC  M0101_0.90.txt_1
XX
ID  ARID3B
XX
DE  ydatyaaaw
P0       A     C     G     T
1    0.196725 0.270916 0.204754 0.327605
2    0.403679 0.0815014 0.259984 0.254836
3    0.999299 9.50887e-05 0.000187693 0.000417719
4    0.000504388 0.00124059 0.000417108 0.997838
5    0.165827 0.376511 0.0331468 0.424515
6    0.732498 0.0533279 0.119876 0.094298
7    0.66103 0.0931116 0.113727 0.132132
8    0.510165 0.0989618 0.174991 0.215882
9    0.335782 0.227343 0.14496 0.291915
XX
CC  program: cis-bp
CC  matrix.nb: 1
CC  accession: M0101_0.90.txt_1
CC  AC: M0101_0.90.txt_1
CC  id: ARID3A_ARID3B
CC  name: ARID3A_ARID3B
CC  version: 
CC  matrix.nb: 1
CC  consensus.strict: taattaaaa
CC  consensus.strict.rc: TTTTAATTA
CC  consensus.IUPAC: ydatyaaaw
CC  consensus.IUPAC.rc: WTTTRATHR
CC  consensus.regexp: [ct][agt]at[ct]aaa[at]
CC  consensus.regexp.rc: [AT]TTT[AG]AT[ACT][AG]
XX
//
AC  M1013_0.90.txt_1
XX
ID  BSX
XX
DE  swtaatkrsy
P0       A     C     G     T
1    0.209338 0.253142 0.321807 0.215713
2    0.269176 0.231682 0.207548 0.291594
3    0.108996 0.124128 0.0381418 0.728735
4    0.818862 0.0183186 0.138091 0.0247275
5    0.925508 0.028799 0.000527473 0.0451659
6    0.0900565 0.159244 0.124019 0.62668
7    0.0974972 0.244649 0.314135 0.343719
8    0.322285 0.084389 0.452794 0.140532
9    0.20456 0.257459 0.351027 0.186954
10   0.179474 0.298877 0.181278 0.34037
XX
CC  program: cis-bp
CC  matrix.nb: 1
CC  accession: M1013_0.90.txt_1
CC  AC: M1013_0.90.txt_1
CC  id: BARX1_BSX
CC  name: BARX1_BSX
CC  version: 
CC  matrix.nb: 1
CC  consensus.strict: gttaattggt
CC  consensus.strict.rc: ACCAATTAAC
CC  consensus.IUPAC: swtaatkrsy
CC  consensus.IUPAC.rc: RSYMATTAWS
CC  consensus.regexp: [cg][at]taat[gt][ag][cg][ct]
CC  consensus.regexp.rc: [AG][CG][CT][AC]ATTA[AT][CG]
XX
//
AC  M1003_0.90.txt_1
XX
ID  BARX1
XX
DE  ytaatkgsy
P0       A     C     G     T
1    0.216255 0.291914 0.188003 0.303827
2    0.122741 0.0946395 0.00977741 0.772842
3    0.761923 0.034669 0.124692 0.0787159
4    0.882288 0.0510353 0.0209579 0.0457192
5    0.105084 0.144714 0.127072 0.623131
6    0.137056 0.221492 0.314312 0.32714
7    0.245596 0.134786 0.443053 0.176565
8    0.197276 0.300247 0.266295 0.236182
9    0.162824 0.308792 0.20699 0.321394
XX
CC  program: cis-bp
CC  matrix.nb: 1
CC  accession: M1003_0.90.txt_1
CC  AC: M1003_0.90.txt_1
CC  id: BARX2_BARX1
CC  name: BARX2_BARX1
CC  version: 
CC  matrix.nb: 1
CC  consensus.strict: ttaattgct
CC  consensus.strict.rc: AGCAATTAA
CC  consensus.IUPAC: ytaatkgsy
CC  consensus.IUPAC.rc: RSCMATTAR
CC  consensus.regexp: [ct]taat[gt]g[cg][ct]
CC  consensus.regexp.rc: [AG][CG]C[AC]ATTA[AG]
XX
//
AC  M0301_0.90.txt_1
XX
ID  CEBPA
XX
DE  rttdcghaay
P0       A     C     G     T
1    0.417594 0.193373 0.28985 0.0991821
2    0.0709263 0.105762 0.0691028 0.75421
3    0.0759791 0.0460031 0.22847 0.649548
4    0.348495 0.0375061 0.334665 0.279334
5    0.126578 0.520621 0.107184 0.245617
6    0.245617 0.107184 0.520621 0.126578
7    0.279334 0.334665 0.0375061 0.348495
8    0.649548 0.22847 0.0460031 0.0759791
9    0.75421 0.0691028 0.105762 0.0709263
10   0.0991821 0.28985 0.193373 0.417594
XX
CC  program: cis-bp
CC  matrix.nb: 1
CC  accession: M0301_0.90.txt_1
CC  AC: M0301_0.90.txt_1
CC  id: CEBPE_CEBPB_CEBPD_CEBPA
CC  name: CEBPE_CEBPB_CEBPD_CEBPA
CC  version: 
CC  matrix.nb: 1
CC  consensus.strict: attacgtaat
CC  consensus.strict.rc: ATTACGTAAT
CC  consensus.IUPAC: rttdcghaay
CC  consensus.IUPAC.rc: RTTDCGHAAY
CC  consensus.regexp: [ag]tt[agt]cg[act]aa[ct]
CC  consensus.regexp.rc: [AG]TT[AGT]CG[ACT]AA[CT]
XX
//
AC  M0311_0.90.txt_1
XX
ID  CEBPB
XX
DE  rttrcrhmay
P0       A     C     G     T
1    0.386668 0.216495 0.289329 0.107508
2    0.0601234 0.033328 0.0208301 0.885718
3    0.0039141 0.0356798 0.0762933 0.884113
4    0.322782 0.00185332 0.481535 0.193829
5    0.0844481 0.739621 0.0619382 0.113993
6    0.338556 0.120867 0.413513 0.127064
7    0.295659 0.292717 0.0646642 0.346959
8    0.463925 0.368604 0.0660045 0.101466
9    0.702944 0.0990155 0.0980303 0.100011
10   0.145396 0.307804 0.196264 0.350536
XX
CC  program: cis-bp
CC  matrix.nb: 1
CC  accession: M0311_0.90.txt_1
CC  AC: M0311_0.90.txt_1
CC  id: CEBPE_CEBPB_CEBPD_CEBPA
CC  name: CEBPE_CEBPB_CEBPD_CEBPA
CC  version: 
CC  matrix.nb: 1
CC  consensus.strict: attgcgtaat
CC  consensus.strict.rc: ATTACGCAAT
CC  consensus.IUPAC: rttrcrhmay
CC  consensus.IUPAC.rc: RTKDYGYAAY
CC  consensus.regexp: [ag]tt[ag]c[ag][act][ac]a[ct]
CC  consensus.regexp.rc: [AG]T[GT][AGT][CT]G[CT]AA[CT]
XX
//
AC  M0274_0.90.txt_1
XX
ID  CEBPD
XX
DE  rttrcrhma
P0       A     C     G     T
1    0.449938 0.179309 0.295631 0.0751218
2    0.10017 0.0712979 0.0347044 0.793828
3    0.0943096 0.063853 0.144978 0.696859
4    0.306584 0.00639485 0.46661 0.220411
5    0.119374 0.591264 0.0824559 0.206906
6    0.26761 0.138315 0.441214 0.152861
7    0.265499 0.311566 0.0986533 0.324281
8    0.474847 0.265866 0.121874 0.137413
9    0.554946 0.149735 0.131482 0.163837
XX
CC  program: cis-bp
CC  matrix.nb: 1
CC  accession: M0274_0.90.txt_1
CC  AC: M0274_0.90.txt_1
CC  id: CEBPE_CEBPB_CEBPD_CEBPA
CC  name: CEBPE_CEBPB_CEBPD_CEBPA
CC  version: 
CC  matrix.nb: 1
CC  consensus.strict: attgcgtaa
CC  consensus.strict.rc: TTACGCAAT
CC  consensus.IUPAC: rttrcrhma
CC  consensus.IUPAC.rc: TKDYGYAAY
CC  consensus.regexp: [ag]tt[ag]c[ag][act][ac]a
CC  consensus.regexp.rc: T[GT][AGT][CT]G[CT]AA[CT]
XX
//
AC  M0647_0.90.txt_1
XX
ID  ELK4
XX
DE  ccggaagt
P0       A     C     G     T
1    0.00142045 0.995739 0.00142045 0.00142045
2    0.00110619 0.996681 0.00110619 0.00110619
3    0.00110619 0.00110619 0.996681 0.00110619
4    0.00110619 0.00110619 0.996681 0.00110619
5    0.996681 0.00110619 0.00110619 0.00110619
6    0.886062 0.00110619 0.00110619 0.111726
7    0.222345 0.00110619 0.775442 0.00110619
8    0.00165563 0.167219 0.00165563 0.82947
XX
CC  program: cis-bp
CC  matrix.nb: 1
CC  accession: M0647_0.90.txt_1
CC  AC: M0647_0.90.txt_1
CC  id: ETV1_ETV2_ELK3_ETV3_ELK1_ETS1_FLI1_GABPA_ERG_ETS2_ELK4_FEV_ETV4_ETV5
CC  name: ETV1_ETV2_ELK3_ETV3_ELK1_ETS1_FLI1_GABPA_ERG_ETS2_ELK4_FEV_ETV4_ETV5
CC  version: 
CC  matrix.nb: 1
CC  consensus.strict: ccggaagt
CC  consensus.strict.rc: ACTTCCGG
CC  consensus.IUPAC: ccggaagt
CC  consensus.IUPAC.rc: ACTTCCGG
CC  consensus.regexp: ccggaagt
CC  consensus.regexp.rc: ACTTCCGG
XX
//
AC  M0649_0.90.txt_1
XX
ID  ETV1_ETV2_ERF_ELK3_ETV3_ELK1_ETS1_FLI1_GABPA_ERG_ETS2_ELK4_FEV_ETV4_ENSG00000235187_ETV5
XX
DE  ccggaary
P0       A     C     G     T
1    0.00124378 0.996269 0.00124378 0.00124378
2    0.000996016 0.997012 0.000996016 0.000996016
3    0.000996016 0.000996016 0.997012 0.000996016
4    0.000996016 0.000996016 0.997012 0.000996016
5    0.997012 0.000996016 0.000996016 0.000996016
6    0.89741 0.000996016 0.000996016 0.100598
7    0.332965 0.00110619 0.664823 0.00110619
8    0.00142045 0.285511 0.00142045 0.711648
XX
CC  program: cis-bp
CC  matrix.nb: 1
CC  accession: M0649_0.90.txt_1
CC  AC: M0649_0.90.txt_1
CC  id: ETV1_ETV2_ERF_ELK3_ETV3_ELK1_ETS1_FLI1_GABPA_ERG_ETS2_ELK4_FEV_ETV4_ENSG00000235187_ETV5
CC  name: ETV1_ETV2_ERF_ELK3_ETV3_ELK1_ETS1_FLI1_GABPA_ERG_ETS2_ELK4_FEV_ETV4_ENSG00000235187_ETV5
CC  version: 
CC  matrix.nb: 1
CC  consensus.strict: ccggaagt
CC  consensus.strict.rc: ACTTCCGG
CC  consensus.IUPAC: ccggaary
CC  consensus.IUPAC.rc: RYTTCCGG
CC  consensus.regexp: ccggaa[ag][ct]
CC  consensus.regexp.rc: [AG][CT]TTCCGG
XX
//
AC  M0631_0.90.txt_1
XX
ID  ELK1
XX
DE  rrccggaagy
P0       A     C     G     T
1    0.309868 0.222771 0.251174 0.216187
2    0.457429 0.125917 0.274684 0.141971
3    0.105811 0.679702 0.144265 0.0702215
4    0.0827824 0.903446 0.010657 0.00311496
5    0.000362019 0.000111241 0.996194 0.00333323
6    0.00127234 0.00256218 0.993129 0.00303697
7    0.976431 0.00387252 0.00657914 0.0131169
8    0.816923 0.0267235 0.00561558 0.150738
9    0.219085 0.152851 0.58961 0.0384539
10   0.105478 0.283865 0.0829717 0.527685
XX
CC  program: cis-bp
CC  matrix.nb: 1
CC  accession: M0631_0.90.txt_1
CC  AC: M0631_0.90.txt_1
CC  id: ETV1_ETV2_ERF_ELK3_ETV3_ELK1_ETS1_FLI1_GABPA_ERG_ETS2_ELK4_FEV_ETV4_ETV5
CC  name: ETV1_ETV2_ERF_ELK3_ETV3_ELK1_ETS1_FLI1_GABPA_ERG_ETS2_ELK4_FEV_ETV4_ETV5
CC  version: 
CC  matrix.nb: 1
CC  consensus.strict: aaccggaagt
CC  consensus.strict.rc: ACTTCCGGTT
CC  consensus.IUPAC: rrccggaagy
CC  consensus.IUPAC.rc: RCTTCCGGYY
CC  consensus.regexp: [ag][ag]ccggaag[ct]
CC  consensus.regexp.rc: [AG]CTTCCGG[CT][CT]
XX
//
AC  M0643_0.90.txt_1
XX
ID  ETS1
XX
DE  rrcmggawry
P0       A     C     G     T
1    0.278377 0.23252 0.251886 0.237217
2    0.400904 0.166288 0.271435 0.161373
3    0.188699 0.48792 0.235133 0.0882481
4    0.287618 0.608887 0.0976737 0.00582193
5    0.0298864 2.96758e-07 0.970106     0
6    0.0137703 0.000214921 0.975074 0.010941
7    0.969811 0.0048409 0.0117882 0.0135597
8    0.548525 0.0953194 0.0267687 0.329387
9    0.376063 0.0908996 0.473312 0.0597253
10   0.144105 0.281615 0.119169 0.455111
XX
CC  program: cis-bp
CC  matrix.nb: 1
CC  accession: M0643_0.90.txt_1
CC  AC: M0643_0.90.txt_1
CC  id: ETV1_ETV2_ERF_ELK3_ETV3_ELK1_ETS1_FLI1_GABPA_ERG_ETS2_ELK4_FEV_ETV4_ENSG00000235187_ETV5
CC  name: ETV1_ETV2_ERF_ELK3_ETV3_ELK1_ETS1_FLI1_GABPA_ERG_ETS2_ELK4_FEV_ETV4_ENSG00000235187_ETV5
CC  version: 
CC  matrix.nb: 1
CC  consensus.strict: aaccggaagt
CC  consensus.strict.rc: ACTTCCGGTT
CC  consensus.IUPAC: rrcmggawry
CC  consensus.IUPAC.rc: RYWTCCKGYY
CC  consensus.regexp: [ag][ag]c[ac]gga[at][ag][ct]
CC  consensus.regexp.rc: [AG][CT][AT]TCC[GT]G[CT][CT]
XX
//
AC  M0625_0.90.txt_1
XX
ID  ETV3
XX
DE  aacmggawry
P0       A     C     G     T
1    0.313334 0.205875 0.241597 0.239193
2    0.387641 0.160787 0.247171 0.2044
3    0.197818 0.349795 0.246496 0.205891
4    0.265919 0.499293 0.148888 0.0859007
5    0.0485184 0.00272357 0.908635 0.0401228
6    0.0605657 0.0225048 0.883356 0.0335732
7    0.952353 0.00193273 0.000611975 0.0451024
8    0.571191 0.0898124 0.0223701 0.316627
9    0.381171 0.136081 0.408809 0.0739395
10   0.17341 0.277455 0.131061 0.418074
XX
CC  program: cis-bp
CC  matrix.nb: 1
CC  accession: M0625_0.90.txt_1
CC  AC: M0625_0.90.txt_1
CC  id: ETV2_ERF_ETV3_ELK1_ETS1_FLI1_GABPA_ERG_ETS2_ELK4_FEV_ETV4_ENSG00000235187
CC  name: ETV2_ERF_ETV3_ELK1_ETS1_FLI1_GABPA_ERG_ETS2_ELK4_FEV_ETV4_ENSG00000235187
CC  version: 
CC  matrix.nb: 1
CC  consensus.strict: aaccggaagt
CC  consensus.strict.rc: ACTTCCGGTT
CC  consensus.IUPAC: aacmggawry
CC  consensus.IUPAC.rc: RYWTCCKGTT
CC  consensus.regexp: aac[ac]gga[at][ag][ct]
CC  consensus.regexp.rc: [AG][CT][AT]TCC[GT]GTT
XX
//
AC  M0626_0.90.txt_1
XX
ID  ETV1
XX
DE  vrccggawry
P0       A     C     G     T
1    0.259502 0.251832 0.278318 0.210348
2    0.409997 0.140632 0.261426 0.187945
3    0.135358 0.582846 0.20601 0.0757867
4    0.163979 0.772583 0.0355073 0.027931
5    0.0398747 0.03793 0.876329 0.0458668
6    0.0475174 0.0128212 0.91699 0.0226712
7    0.910702 0.0168477 0.052679 0.019771
8    0.580099 0.0842003 0.0418126 0.293888
9    0.279024 0.153131 0.498347 0.0694979
10   0.147561 0.282659 0.122027 0.447753
XX
CC  program: cis-bp
CC  matrix.nb: 1
CC  accession: M0626_0.90.txt_1
CC  AC: M0626_0.90.txt_1
CC  id: ETV1_ETV2_ELK3_ELK1_ETS1_FLI1_GABPA_ERG_ETS2_ELK4_FEV_ETV4_ETV5
CC  name: ETV1_ETV2_ELK3_ELK1_ETS1_FLI1_GABPA_ERG_ETS2_ELK4_FEV_ETV4_ETV5
CC  version: 
CC  matrix.nb: 1
CC  consensus.strict: gaccggaagt
CC  consensus.strict.rc: ACTTCCGGTC
CC  consensus.IUPAC: vrccggawry
CC  consensus.IUPAC.rc: RYWTCCGGYB
CC  consensus.regexp: [acg][ag]ccgga[at][ag][ct]
CC  consensus.regexp.rc: [AG][CT][AT]TCCGG[CT][CGT]
XX
//
AC  M0639_0.90.txt_1
XX
ID  ELK4
XX
DE  arccggawry
P0       A     C     G     T
1    0.292662 0.237228 0.244452 0.225658
2    0.396424 0.15641 0.290756 0.15641
3    0.143761 0.549031 0.188322 0.118885
4    0.120828 0.832447 0.0329295 0.0137959
5    0.000257874 9.87382e-05 0.996966 0.00267705
6    0.00648557 0.00610788 0.981989 0.00541721
7    0.92925 0.0102203 0.0292061 0.0313238
8    0.638426 0.0707396 0.0206767 0.270158
9    0.35335 0.140817 0.431582 0.0742515
10   0.13654 0.294896 0.110678 0.457886
XX
CC  program: cis-bp
CC  matrix.nb: 1
CC  accession: M0639_0.90.txt_1
CC  AC: M0639_0.90.txt_1
CC  id: ETV1_ETV2_ERF_ELK3_ETV3_ELK1_ETS1_FLI1_GABPA_ERG_ETS2_ELK4_FEV_ETV4_ENSG00000235187_ETV5
CC  name: ETV1_ETV2_ERF_ELK3_ETV3_ELK1_ETS1_FLI1_GABPA_ERG_ETS2_ELK4_FEV_ETV4_ENSG00000235187_ETV5
CC  version: 
CC  matrix.nb: 1
CC  consensus.strict: aaccggaagt
CC  consensus.strict.rc: ACTTCCGGTT
CC  consensus.IUPAC: arccggawry
CC  consensus.IUPAC.rc: RYWTCCGGYT
CC  consensus.regexp: a[ag]ccgga[at][ag][ct]
CC  consensus.regexp.rc: [AG][CT][AT]TCCGG[CT]T
XX
//
AC  M0628_0.90.txt_1
XX
ID  ELK3
XX
DE  vrccggaary
P0       A     C     G     T
1    0.276546 0.25785 0.250229 0.215374
2    0.410218 0.140708 0.306951 0.142122
3    0.125944 0.623803 0.164982 0.0852711
4    0.111066 0.862749 0.0198881 0.00629732
5    0.00223397 9.47778e-05 0.996033 0.0016385
6    0.00203799 0.00111847 0.994227 0.00261683
7    0.960448 0.00474646 0.00856257 0.026243
8    0.75769 0.0438281 0.0153371 0.183144
9    0.262154 0.154305 0.52266 0.0608816
10   0.128267 0.297113 0.103971 0.470649
XX
CC  program: cis-bp
CC  matrix.nb: 1
CC  accession: M0628_0.90.txt_1
CC  AC: M0628_0.90.txt_1
CC  id: ETV1_ETV2_ELK3_ELK1_ETS1_FLI1_GABPA_ERG_ETS2_ELK4_FEV_ETV4_ETV5
CC  name: ETV1_ETV2_ELK3_ELK1_ETS1_FLI1_GABPA_ERG_ETS2_ELK4_FEV_ETV4_ETV5
CC  version: 
CC  matrix.nb: 1
CC  consensus.strict: aaccggaagt
CC  consensus.strict.rc: ACTTCCGGTT
CC  consensus.IUPAC: vrccggaary
CC  consensus.IUPAC.rc: RYTTCCGGYB
CC  consensus.regexp: [acg][ag]ccggaa[ag][ct]
CC  consensus.regexp.rc: [AG][CT]TTCCGG[CT][CGT]
XX
//
AC  M0645_0.90.txt_1
XX
ID  ERG
XX
DE  racmggawry
P0       A     C     G     T
1    0.281573 0.23285 0.257339 0.228239
2    0.414866 0.149598 0.249125 0.186411
3    0.179962 0.494103 0.211187 0.114749
4    0.259489 0.638239 0.0855168 0.0167553
5    0.00479825 0.0014744 0.980684 0.013043
6    0.00873329 0.0032777 0.979598 0.00839086
7    0.916015 0.0153334 0.027386 0.0412657
8    0.617614 0.0756308 0.0320041 0.274751
9    0.365042 0.122733 0.437035 0.0751896
10   0.145434 0.289954 0.127705 0.436908
XX
CC  program: cis-bp
CC  matrix.nb: 1
CC  accession: M0645_0.90.txt_1
CC  AC: M0645_0.90.txt_1
CC  id: ETV1_ETV2_ERF_ELK3_ETV3_ELK1_ETS1_FLI1_GABPA_ERG_ETS2_ELK4_FEV_ETV4_ENSG00000235187_ETV5
CC  name: ETV1_ETV2_ERF_ELK3_ETV3_ELK1_ETS1_FLI1_GABPA_ERG_ETS2_ELK4_FEV_ETV4_ENSG00000235187_ETV5
CC  version: 
CC  matrix.nb: 1
CC  consensus.strict: aaccggaagt
CC  consensus.strict.rc: ACTTCCGGTT
CC  consensus.IUPAC: racmggawry
CC  consensus.IUPAC.rc: RYWTCCKGTY
CC  consensus.regexp: [ag]ac[ac]gga[at][ag][ct]
CC  consensus.regexp.rc: [AG][CT][AT]TCC[GT]GT[CT]
XX
//
AC  M0668_0.90.txt_1
XX
ID  FOXC2
XX
DE  wrwrtmaaya
P0       A     C     G     T
1    0.359371 0.149061 0.09041 0.401158
2    0.421728 0.136232 0.263581 0.178459
3    0.287711 0.194796 0.208921 0.308572
4    0.387293 0.104499 0.432326 0.0758821
5    0.213252 0.166081 0.0581181 0.562548
6    0.555669 0.284341 0.0489193 0.111071
7    0.768444 0.0969667 0.0511298 0.08346
8    0.771861 0.058487 0.0899096 0.0797426
9    0.0628246 0.561351 0.0519533 0.323871
10   0.748482 0.0720995 0.0685832 0.110835
XX
CC  program: cis-bp
CC  matrix.nb: 1
CC  accession: M0668_0.90.txt_1
CC  AC: M0668_0.90.txt_1
CC  id: FOXC1_FOXJ2_FOXF1_FOXA2_FOXA1_FOXJ1_FOXF2_FOXK2_FOXQ1_FOXK1_FOXI1_FOXD4_FOXA3_FOXB1_FOXG1_FOXL1_FOXC2_FOXE1_FOXS1_FOXL2_FOXD4L1_FOXD4L4_FOXD2_FOXI2_FOXE3_FOXD3_FOXD4L3_FOXJ3_FOXB2_FOXD4L5_FOXD4L6_FOXD4L2_KIAA0415_FOXD1
CC  name: FOXC1_FOXJ2_FOXF1_FOXA2_FOXA1_FOXJ1_FOXF2_FOXK2_FOXQ1_FOXK1_FOXI1_FOXD4_FOXA3_FOXB1_FOXG1_FOXL1_FOXC2_FOXE1_FOXS1_FOXL2_FOXD4L1_FOXD4L4_FOXD2_FOXI2_FOXE3_FOXD3_FOXD4L3_FOXJ3_FOXB2_FOXD4L5_FOXD4L6_FOXD4L2_KIAA0415_FOXD1
CC  version: 
CC  matrix.nb: 1
CC  consensus.strict: tatgtaaaca
CC  consensus.strict.rc: TGTTTACATA
CC  consensus.IUPAC: wrwrtmaaya
CC  consensus.IUPAC.rc: TRTTKAYWYW
CC  consensus.regexp: [at][ag][at][ag]t[ac]aa[ct]a
CC  consensus.regexp.rc: T[AG]TT[GT]A[CT][AT][CT][AT]
XX
//
AC  M0635_0.90.txt_1
XX
ID  FLI1
XX
DE  rrcmggawry
P0       A     C     G     T
1    0.285712 0.231594 0.253404 0.22929
2    0.408828 0.148903 0.252976 0.189293
3    0.179923 0.493996 0.20904 0.117041
4    0.256626 0.637542 0.087149 0.0186831
5    0.00606681 0.00110831 0.985189 0.00763569
6    0.00955188 0.00380661 0.979202 0.00743902
7    0.918135 0.0150646 0.0258509 0.0409497
8    0.621584 0.076117 0.0312579 0.271041
9    0.366912 0.123362 0.434903 0.0748228
10   0.146891 0.29286 0.127701 0.432548
XX
CC  program: cis-bp
CC  matrix.nb: 1
CC  accession: M0635_0.90.txt_1
CC  AC: M0635_0.90.txt_1
CC  id: ETV1_ETV2_ERF_ELK3_ETV3_ELK1_ETS1_FLI1_GABPA_ERG_ETS2_ELK4_FEV_ETV4_ENSG00000235187_ETV5
CC  name: ETV1_ETV2_ERF_ELK3_ETV3_ELK1_ETS1_FLI1_GABPA_ERG_ETS2_ELK4_FEV_ETV4_ENSG00000235187_ETV5
CC  version: 
CC  matrix.nb: 1
CC  consensus.strict: aaccggaagt
CC  consensus.strict.rc: ACTTCCGGTT
CC  consensus.IUPAC: rrcmggawry
CC  consensus.IUPAC.rc: RYWTCCKGYY
CC  consensus.regexp: [ag][ag]c[ac]gga[at][ag][ct]
CC  consensus.regexp.rc: [AG][CT][AT]TCC[GT]G[CT][CT]
XX
//
AC  M0634_0.90.txt_1
XX
ID  ETV5
XX
DE  rccggawry
P0       A     C     G     T
1    0.459522 0.123988 0.257286 0.159204
2    0.115659 0.639476 0.18139 0.0634752
3    0.147216 0.822129 0.0258393 0.00481578
4    0.00082141 0.00121321 0.995522 0.0024431
5    0.00111876 0.00119988 0.994484 0.00319704
6    0.964413 0.00587978 0.00979155 0.0199159
7    0.635432 0.0576451 0.0325998 0.274323
8    0.279102 0.122925 0.545432 0.0525402
9    0.125096 0.281205 0.101401 0.492298
XX
CC  program: cis-bp
CC  matrix.nb: 1
CC  accession: M0634_0.90.txt_1
CC  AC: M0634_0.90.txt_1
CC  id: ETV1_ETV2_ELK3_ELK1_ETS1_FLI1_GABPA_ERG_ETS2_ELK4_FEV_ETV4_ETV5
CC  name: ETV1_ETV2_ELK3_ELK1_ETS1_FLI1_GABPA_ERG_ETS2_ELK4_FEV_ETV4_ETV5
CC  version: 
CC  matrix.nb: 1
CC  consensus.strict: accggaagt
CC  consensus.strict.rc: ACTTCCGGT
CC  consensus.IUPAC: rccggawry
CC  consensus.IUPAC.rc: RYWTCCGGY
CC  consensus.regexp: [ag]ccgga[at][ag][ct]
CC  consensus.regexp.rc: [AG][CT][AT]TCCGG[CT]
XX
//
AC  M0650_0.90.txt_1
XX
ID  ENSG00000235187
XX
DE  aacmggawry
P0       A     C     G     T
1    0.31791 0.196718 0.242686 0.242686
2    0.410724 0.145172 0.244184 0.199921
3    0.176615 0.381448 0.240802 0.201135
4    0.268249 0.562233 0.109062 0.060456
5    0.0553218 0.00204044 0.909748 0.03289
6    0.0578668 1.05749e-06 0.942131     0
7    0.950314 3.40263e-06 0.0149811 0.0347018
8    0.635026 0.0516074 0.0073424 0.306025
9    0.406386 0.0992165 0.427222 0.0671752
10   0.15288 0.289934 0.102479 0.454707
XX
CC  program: cis-bp
CC  matrix.nb: 1
CC  accession: M0650_0.90.txt_1
CC  AC: M0650_0.90.txt_1
CC  id: ETV2_ERF_ETV3_ETS1_FLI1_GABPA_ERG_ETS2_ELK4_FEV_ENSG00000235187
CC  name: ETV2_ERF_ETV3_ETS1_FLI1_GABPA_ERG_ETS2_ELK4_FEV_ENSG00000235187
CC  version: 
CC  matrix.nb: 1
CC  consensus.strict: aaccggaagt
CC  consensus.strict.rc: ACTTCCGGTT
CC  consensus.IUPAC: aacmggawry
CC  consensus.IUPAC.rc: RYWTCCKGTT
CC  consensus.regexp: aac[ac]gga[at][ag][ct]
CC  consensus.regexp.rc: [AG][CT][AT]TCC[GT]GTT
XX
//
AC  M0084_0.90.txt_1
XX
ID  TFAP2B
XX
DE  tcsccysagg
P0       A     C     G     T
1    0.163199 0.129667 0.108307 0.598826
2    0.203446 0.349115 0.246017 0.201422
3    0.00130116 0.331377 0.667311     0
4    4.49451e-05 0.99993 1.07558e-05     0
5    0.0002132 0.948115 2.2697e-05 0.0516492
6    0.0200372 0.286458 0.155647 0.537857
7    0.106547 0.394882 0.390953 0.107618
8    0.565281 0.177208 0.234469 0.0230421
9    0.100634 9.26882e-05 0.899183     0
10   0.000119741 3.75373e-05 0.999823     0
XX
CC  program: cis-bp
CC  matrix.nb: 1
CC  accession: M0084_0.90.txt_1
CC  AC: M0084_0.90.txt_1
CC  id: TFAP2B_TFAP2D_TFAP2C_TFAP2E_TFAP2A
CC  name: TFAP2B_TFAP2D_TFAP2C_TFAP2E_TFAP2A
CC  version: 
CC  matrix.nb: 1
CC  consensus.strict: tcgcctcagg
CC  consensus.strict.rc: CCTGAGGCGA
CC  consensus.IUPAC: tcsccysagg
CC  consensus.IUPAC.rc: CCTSRGGSGA
CC  consensus.regexp: tc[cg]cc[ct][cg]agg
CC  consensus.regexp.rc: CCT[CG][AG]GG[CG]GA
XX
//
AC  M0410_0.90.txt_1
XX
ID  ZFP161
XX
DE  srcgygcmy
P0       A     C     G     T
1    0.218335 0.335636 0.256218 0.189811
2    0.281737 0.194605 0.347572 0.176086
3    0.0377214 0.820757 0.0235759 0.117946
4    0.059238 0.0452211 0.863991 0.0315497
5    0.137689 0.500193 0.106165 0.255953
6    0.131295 0.0614025 0.683653 0.123649
7    0.179495 0.539231 0.125229 0.156045
8    0.387566 0.270396 0.135624 0.206414
9    0.199182 0.377744 0.137582 0.285493
XX
CC  program: cis-bp
CC  matrix.nb: 1
CC  accession: M0410_0.90.txt_1
CC  AC: M0410_0.90.txt_1
CC  id: ZFP161
CC  name: ZFP161
CC  version: 
CC  matrix.nb: 1
CC  consensus.strict: cgcgcgcac
CC  consensus.strict.rc: GTGCGCGCG
CC  consensus.IUPAC: srcgygcmy
CC  consensus.IUPAC.rc: RKGCRCGYS
CC  consensus.regexp: [cg][ag]cg[ct]gc[ac][ct]
CC  consensus.regexp.rc: [AG][GT]GC[AG]CG[CT][CG]
XX
//
AC  M0817_0.90.txt_1
XX
ID  ZFHX2
XX
DE  vytaattarb
P0       A     C     G     T
1    0.26256 0.259184 0.264823 0.213433
2    0.182568 0.295311 0.189654 0.332466
3    0.134883 0.130814 0.0341354 0.700168
4    0.629656 0.102034 0.180585 0.0877244
5    0.92651 0.0224883 0.0314627 0.0195389
6    0.0195389 0.0314627 0.0224883 0.92651
7    0.0877244 0.180585 0.102034 0.629656
8    0.700168 0.0341354 0.130814 0.134883
9    0.332466 0.189654 0.295311 0.182568
10   0.213433 0.264823 0.259184 0.26256
XX
CC  program: cis-bp
CC  matrix.nb: 1
CC  accession: M0817_0.90.txt_1
CC  AC: M0817_0.90.txt_1
CC  id: ZFHX2
CC  name: ZFHX2
CC  version: 
CC  matrix.nb: 1
CC  consensus.strict: gttaattaac
CC  consensus.strict.rc: GTTAATTAAC
CC  consensus.IUPAC: vytaattarb
CC  consensus.IUPAC.rc: VYTAATTARB
CC  consensus.regexp: [acg][ct]taatta[ag][cgt]
CC  consensus.regexp.rc: [ACG][CT]TAATTA[AG][CGT]
XX
//
AC  M0420_0.90.txt_1
XX
ID  ZBTB3
XX
DE  crctgcayk
P0       A     C     G     T
1    0.199381 0.604994 0.0449351 0.150689
2    0.62411 0.00846827 0.329088 0.0383336
3    0.0319924 0.850223 0.105162 0.0126227
4    0.0112051 4.20826e-11 0.000117228 0.988678
5    0.0208606 0.0127797 0.904932 0.0614276
6    0.0407634 0.571226 0.236935 0.151076
7    0.506699 0.218747 0.118856 0.155698
8    0.23248 0.254374 0.234817 0.278329
9    0.221121 0.249313 0.259488 0.270078
XX
CC  program: cis-bp
CC  matrix.nb: 1
CC  accession: M0420_0.90.txt_1
CC  AC: M0420_0.90.txt_1
CC  id: ZBTB3
CC  name: ZBTB3
CC  version: 
CC  matrix.nb: 1
CC  consensus.strict: cactgcatt
CC  consensus.strict.rc: AATGCAGTG
CC  consensus.IUPAC: crctgcayk
CC  consensus.IUPAC.rc: MRTGCAGYG
CC  consensus.regexp: c[ag]ctgca[ct][gt]
CC  consensus.regexp.rc: [AC][AG]TGCAG[CT]G
XX
//
AC  M0391_0.90.txt_1
XX
ID  ZBTB1
XX
DE  rymmcgcahm
P0       A     C     G     T
1    0.279683 0.220006 0.282494 0.217817
2    0.223901 0.305273 0.108985 0.361841
3    0.265567 0.567855 0.0807911 0.0857869
4    0.345729 0.558724 0.0619084 0.033638
5    0.0636277 0.891628 0.0118585 0.0328861
6    0.0202283 0.000111591 0.97954 0.000119682
7    0.0252323 0.905174 0.000316044 0.069278
8    0.715054 0.0413618 0.219721 0.0238637
9    0.307829 0.304766 0.0945893 0.292816
10   0.277589 0.300708 0.211906 0.209797
XX
CC  program: cis-bp
CC  matrix.nb: 1
CC  accession: M0391_0.90.txt_1
CC  AC: M0391_0.90.txt_1
CC  id: ZBTB1
CC  name: ZBTB1
CC  version: 
CC  matrix.nb: 1
CC  consensus.strict: gtcccgcaac
CC  consensus.strict.rc: GTTGCGGGAC
CC  consensus.IUPAC: rymmcgcahm
CC  consensus.IUPAC.rc: KDTGCGKKRY
CC  consensus.regexp: [ag][ct][ac][ac]cgca[act][ac]
CC  consensus.regexp.rc: [GT][AGT]TGCG[GT][GT][AG][CT]
XX
//
AC  M0820_0.90.txt_1
XX
ID  VENTX
XX
DE  ttaattag
P0       A     C     G     T
1    0.0557714 0.0280244 0.139012 0.777192
2    0.00019984 0.0601519 0.00019984 0.939448
3    0.999445 0.000185048 0.000185048 0.000185048
4    0.999445 0.000185048 0.000185048 0.000185048
5    0.000185048 0.000185048 0.000185048 0.999445
6    0.00019216 0.0386241 0.134704 0.82648
7    0.755107 0.000222025 0.244449 0.000222025
8    0.057363 0.200057 0.542523 0.200057
XX
CC  program: cis-bp
CC  matrix.nb: 1
CC  accession: M0820_0.90.txt_1
CC  AC: M0820_0.90.txt_1
CC  id: VENTX
CC  name: VENTX
CC  version: 
CC  matrix.nb: 1
CC  consensus.strict: ttaattag
CC  consensus.strict.rc: CTAATTAA
CC  consensus.IUPAC: ttaattag
CC  consensus.IUPAC.rc: CTAATTAA
CC  consensus.regexp: ttaattag
CC  consensus.regexp.rc: CTAATTAA
XX
//
AC  M0896_0.90.txt_1
XX
ID  UNCX
XX
DE  ytaattrr
P0       A     C     G     T
1    0.205661 0.300734 0.189849 0.303757
2    0.125034 0.0758371 0.0351136 0.764015
3    0.752473 0.0682628 0.113678 0.0655862
4    0.947059 0.00056743 0.0207669 0.0316065
5    0.0526812 0.0785911 0.0690105 0.799717
6    0.162578 0.134445 0.157773 0.545203
7    0.352715 0.124669 0.349206 0.17341
8    0.314813 0.200734 0.31168 0.172773
XX
CC  program: cis-bp
CC  matrix.nb: 1
CC  accession: M0896_0.90.txt_1
CC  AC: M0896_0.90.txt_1
CC  id: ARX_ALX4_ALX3_UNCX_SHOX2_OTP_ALX1_SHOX
CC  name: ARX_ALX4_ALX3_UNCX_SHOX2_OTP_ALX1_SHOX
CC  version: 
CC  matrix.nb: 1
CC  consensus.strict: ttaattaa
CC  consensus.strict.rc: TTAATTAA
CC  consensus.IUPAC: ytaattrr
CC  consensus.IUPAC.rc: YYAATTAR
CC  consensus.regexp: [ct]taatt[ag][ag]
CC  consensus.regexp.rc: [CT][CT]AATTA[AG]
XX
//
AC  M0086_0.90.txt_1
XX
ID  TFAP2E
XX
DE  ccksrggcra
P0       A     C     G     T
1    0.0375172 0.957955 0.00165665 0.0028714
2    0.0390545 0.841307 0.0011331 0.118505
3    0.0597563 0.230506 0.254748 0.45499
4    0.170862 0.391841 0.31446 0.122837
5    0.535013 0.13595 0.327763 0.00127416
6    0.061775 0.000164228 0.937765 0.000296265
7    0.038397 0.000168298 0.961004 0.000430839
8    0.0275279 0.753855 0.213834 0.00478363
9    0.321576 0.134725 0.321576 0.222124
10   0.474516 0.135951 0.176319 0.213214
XX
CC  program: cis-bp
CC  matrix.nb: 1
CC  accession: M0086_0.90.txt_1
CC  AC: M0086_0.90.txt_1
CC  id: TFAP2B_TFAP2D_TFAP2C_TFAP2E_TFAP2A
CC  name: TFAP2B_TFAP2D_TFAP2C_TFAP2E_TFAP2A
CC  version: 
CC  matrix.nb: 1
CC  consensus.strict: cctcaggcaa
CC  consensus.strict.rc: TTGCCTGAGG
CC  consensus.IUPAC: ccksrggcra
CC  consensus.IUPAC.rc: TYGCCYSMGG
CC  consensus.regexp: cc[gt][cg][ag]ggc[ag]a
CC  consensus.regexp.rc: T[CT]GCC[CT][CG][AC]GG
XX
//
AC  M0085_0.90.txt_1
XX
ID  TFAP2C
XX
DE  ysccysaggs
P0       A     C     G     T
1    0.194725 0.400049 0.150143 0.255083
2    0.0896002 0.325498 0.52603 0.0588715
3    8.60885e-05 0.989917 0.000243563 0.00975345
4    0.00124809 0.813717 0.0123248 0.17271
5    0.0706894 0.449572 0.225494 0.254244
6    0.114154 0.272476 0.444767 0.168603
7    0.586691 0.182089 0.161499 0.0697208
8    0.199175 0.00192357 0.791701 0.00720074
9    0.0193589 0.000265312 0.975696 0.00467931
10   0.0617475 0.509308 0.305837 0.123107
XX
CC  program: cis-bp
CC  matrix.nb: 1
CC  accession: M0085_0.90.txt_1
CC  AC: M0085_0.90.txt_1
CC  id: TFAP2B_TFAP2C_TFAP2E_TFAP2A
CC  name: TFAP2B_TFAP2C_TFAP2E_TFAP2A
CC  version: 
CC  matrix.nb: 1
CC  consensus.strict: cgcccgaggc
CC  consensus.strict.rc: GCCTCGGGCG
CC  consensus.IUPAC: ysccysaggs
CC  consensus.IUPAC.rc: SCCTSRGGSR
CC  consensus.regexp: [ct][cg]cc[ct][cg]agg[cg]
CC  consensus.regexp.rc: [CG]CCT[CG][AG]GG[CG][AG]
XX
//
AC  M0083_0.90.txt_1
XX
ID  TFAP2A
XX
DE  scytsrggcr
P0       A     C     G     T
1    0.119865 0.435445 0.349453 0.095237
2    0.00137598 0.943092 0.00043135 0.0551008
3    0.0221798 0.651437 0.0247588 0.301624
4    0.0922497 0.229178 0.248265 0.430307
5    0.20183 0.329451 0.336106 0.132612
6    0.385087 0.191229 0.377462 0.0462226
7    0.108046 0.000323861 0.891193 0.000437167
8    0.000929455 0.000370406 0.989147 0.00955289
9    0.0249423 0.669524 0.19375 0.111784
10   0.342181 0.102037 0.335405 0.220377
XX
CC  program: cis-bp
CC  matrix.nb: 1
CC  accession: M0083_0.90.txt_1
CC  AC: M0083_0.90.txt_1
CC  id: TFAP2B_TFAP2D_TFAP2C_TFAP2E_TFAP2A
CC  name: TFAP2B_TFAP2D_TFAP2C_TFAP2E_TFAP2A
CC  version: 
CC  matrix.nb: 1
CC  consensus.strict: ccctgaggca
CC  consensus.strict.rc: TGCCTCAGGG
CC  consensus.IUPAC: scytsrggcr
CC  consensus.IUPAC.rc: YGCCYSARGS
CC  consensus.regexp: [cg]c[ct]t[cg][ag]ggc[ag]
CC  consensus.regexp.rc: [CT]GCC[CT][CG]A[AG]G[CG]
XX
//
AC  M0210_0.90.txt_1
XX
ID  TCFL5
XX
DE  rkcrcgygmy
P0       A     C     G     T
1    0.263325 0.202596 0.307948 0.22613
2    0.113138 0.22668 0.364435 0.295747
3    0.0581536 0.874211 0.016939 0.0506964
4    0.372199 0.0644711 0.336403 0.226927
5    0.00622092 0.903915 0.0185041 0.0713601
6    0.0713601 0.0185041 0.903915 0.00622092
7    0.226927 0.336403 0.0644711 0.372199
8    0.0506964 0.016939 0.874211 0.0581536
9    0.295747 0.364435 0.22668 0.113138
10   0.22613 0.307948 0.202596 0.263325
XX
CC  program: cis-bp
CC  matrix.nb: 1
CC  accession: M0210_0.90.txt_1
CC  AC: M0210_0.90.txt_1
CC  id: TCFL5
CC  name: TCFL5
CC  version: 
CC  matrix.nb: 1
CC  consensus.strict: ggcacgtgcc
CC  consensus.strict.rc: GGCACGTGCC
CC  consensus.IUPAC: rkcrcgygmy
CC  consensus.IUPAC.rc: RKCRCGYGMY
CC  consensus.regexp: [ag][gt]c[ag]cg[ct]g[ac][ct]
CC  consensus.regexp.rc: [AG][GT]C[AG]CG[CT]G[AC][CT]
XX
//
AC  M1476_0.90.txt_1
XX
ID  TCF7L2
XX
DE  aswtcaaagr
P0       A     C     G     T
1    0.487867 0.12903 0.194424 0.188678
2    0.105157 0.367034 0.405635 0.122175
3    0.637879 0.0446185 0.0221569 0.295346
4    0.127896 0.0366428 0.0138907 0.82157
5    0.117054 0.666899 0.135998 0.080049
6    0.875401 0.0139389 0.0136629 0.0969972
7    0.81883 0.0464268 0.0854453 0.0492977
8    0.728316 0.0197023 0.107849 0.144133
9    0.179802 0.178013 0.562199 0.0799863
10   0.267968 0.186955 0.403779 0.141298
XX
CC  program: cis-bp
CC  matrix.nb: 1
CC  accession: M1476_0.90.txt_1
CC  AC: M1476_0.90.txt_1
CC  id: TCF7_LEF1_TCF7L2_TCF7L1
CC  name: TCF7_LEF1_TCF7L2_TCF7L1
CC  version: 
CC  matrix.nb: 1
CC  consensus.strict: agatcaaagg
CC  consensus.strict.rc: CCTTTGATCT
CC  consensus.IUPAC: aswtcaaagr
CC  consensus.IUPAC.rc: YCTTTGAWST
CC  consensus.regexp: a[cg][at]tcaaag[ag]
CC  consensus.regexp.rc: [CT]CTTTGA[AT][CG]T
XX
//
AC  M1524_0.90.txt_1
XX
ID  TBX3
XX
DE  aggtgtba
P0       A     C     G     T
1    0.997863 0.000712251 0.000712251 0.000712251
2    0.000586854 0.000586854 0.880869 0.117958
3    0.000586854 0.000586854 0.998239 0.000586854
4    0.000586854 0.000586854 0.000586854 0.998239
5    0.0592723 0.000586854 0.939554 0.000586854
6    0.0592723 0.000586854 0.000586854 0.939554
7    0.000712251 0.428063 0.285613 0.285613
8    0.797809 0.000996016 0.200199 0.000996016
XX
CC  program: cis-bp
CC  matrix.nb: 1
CC  accession: M1524_0.90.txt_1
CC  AC: M1524_0.90.txt_1
CC  id: TBX5_TBX2_TBX4_TBX3_TBX20
CC  name: TBX5_TBX2_TBX4_TBX3_TBX20
CC  version: 
CC  matrix.nb: 1
CC  consensus.strict: aggtgtca
CC  consensus.strict.rc: TGACACCT
CC  consensus.IUPAC: aggtgtba
CC  consensus.IUPAC.rc: TVACACCT
CC  consensus.regexp: aggtgt[cgt]a
CC  consensus.regexp.rc: T[ACG]ACACCT
XX
//
AC  M1518_0.90.txt_1
XX
ID  TBX20
XX
DE  raggtgtkaa
P0       A     C     G     T
1    0.353916 0.145338 0.298586 0.20216
2    0.672425 0.0400805 0.179628 0.107866
3    0.197985 0.109748 0.606795 0.0854721
4    0.0202757 0.0287725 0.924656 0.0262961
5    0.00389002 0.0627033 0.000397888 0.933009
6    0.0113651 0.0143041 0.973157 0.00117415
7    0.0909809 0.13304 0.018005 0.757974
8    0.0387793 0.216564 0.449388 0.295269
9    0.8731 0.0205333 0.0800018 0.0263653
10   0.522605 0.163829 0.139606 0.17396
XX
CC  program: cis-bp
CC  matrix.nb: 1
CC  accession: M1518_0.90.txt_1
CC  AC: M1518_0.90.txt_1
CC  id: TBX18_TBX20_TBX1
CC  name: TBX18_TBX20_TBX1
CC  version: 
CC  matrix.nb: 1
CC  consensus.strict: aaggtgtgaa
CC  consensus.strict.rc: TTCACACCTT
CC  consensus.IUPAC: raggtgtkaa
CC  consensus.IUPAC.rc: TTMACACCTY
CC  consensus.regexp: [ag]aggtgt[gt]aa
CC  consensus.regexp.rc: TT[AC]ACACCT[CT]
XX
//
AC  M1511_0.90.txt_1
XX
ID  TBX2
XX
DE  aggtgtsa
P0       A     C     G     T
1    0.87422 0.00031211 0.0627341 0.0627341
2    0.0751748 0.00024975 0.924326 0.00024975
3    0.000222025 0.000222025 0.999334 0.000222025
4    0.000222025 0.000222025 0.000222025 0.999334
5    0.000217202 0.000217202 0.999348 0.000217202
6    0.000222025 0.0224245 0.000222025 0.977131
7    0.000285388 0.314212 0.485445 0.200057
8    0.878994 0.000399361 0.0802716 0.0403355
XX
CC  program: cis-bp
CC  matrix.nb: 1
CC  accession: M1511_0.90.txt_1
CC  AC: M1511_0.90.txt_1
CC  id: TBX5_TBX2_TBX4_TBX3
CC  name: TBX5_TBX2_TBX4_TBX3
CC  version: 
CC  matrix.nb: 1
CC  consensus.strict: aggtgtga
CC  consensus.strict.rc: TCACACCT
CC  consensus.IUPAC: aggtgtsa
CC  consensus.IUPAC.rc: TSACACCT
CC  consensus.regexp: aggtgt[cg]a
CC  consensus.regexp.rc: T[CG]ACACCT
XX
//
AC  M1520_0.90.txt_1
XX
ID  TBR1
XX
DE  daggtgykaw
P0       A     C     G     T
1    0.260968 0.111173 0.319416 0.308443
2    0.661427 0.0492233 0.17352 0.115829
3    0.20603 0.146969 0.401258 0.245743
4    0.129177 0.106672 0.580736 0.183415
5    0.0154734 0.11821 0.000575331 0.865742
6    0.145778 0.00407261 0.80474 0.04541
7    0.131166 0.291289 0.0143145 0.563231
8    0.113376 0.210026 0.380369 0.296229
9    0.668054 0.117661 0.102865 0.111421
10   0.40881 0.214108 0.113713 0.263368
XX
CC  program: cis-bp
CC  matrix.nb: 1
CC  accession: M1520_0.90.txt_1
CC  AC: M1520_0.90.txt_1
CC  id: TBX21_TBR1_EOMES
CC  name: TBX21_TBR1_EOMES
CC  version: 
CC  matrix.nb: 1
CC  consensus.strict: gaggtgtgaa
CC  consensus.strict.rc: TTCACACCTC
CC  consensus.IUPAC: daggtgykaw
CC  consensus.IUPAC.rc: WTMRCACCTH
CC  consensus.regexp: [agt]aggtg[ct][gt]a[at]
CC  consensus.regexp.rc: [AT]T[AC][AG]CACCT[ACT]
XX
//
AC  M0621_0.90.txt_1
XX
ID  SPI1
XX
DE  wwrvggaast
P0       A     C     G     T
1    0.400158 0.141438 0.19284 0.265565
2    0.346223 0.15402 0.201761 0.297997
3    0.252726 0.215359 0.384639 0.147276
4    0.322103 0.282837 0.306394 0.0886656
5    0.169129 0.0338068 0.742974 0.0540906
6    0.0487517 0.0239685 0.894926 0.0323541
7    0.906122 0.00229142 0.00938557 0.0822015
8    0.833294 0.0379165 0.000358935 0.12843
9    0.17048 0.307544 0.432083 0.0898928
10   0.185625 0.226723 0.117182 0.470469
XX
CC  program: cis-bp
CC  matrix.nb: 1
CC  accession: M0621_0.90.txt_1
CC  AC: M0621_0.90.txt_1
CC  id: SPI1_SPIB_SPIC
CC  name: SPI1_SPIB_SPIC
CC  version: 
CC  matrix.nb: 1
CC  consensus.strict: aagaggaagt
CC  consensus.strict.rc: ACTTCCTCTT
CC  consensus.IUPAC: wwrvggaast
CC  consensus.IUPAC.rc: ASTTCCBYWW
CC  consensus.regexp: [at][at][ag][acg]ggaa[cg]t
CC  consensus.regexp.rc: A[CG]TTCC[CGT][CT][AT][AT]
XX
//
AC  M0638_0.90.txt_1
XX
ID  SPDEF
XX
DE  rwmcmggawr
P0       A     C     G     T
1    0.32234 0.195509 0.263909 0.218242
2    0.43386 0.124303 0.159608 0.28223
3    0.311585 0.293439 0.240248 0.154728
4    0.200253 0.544344 0.186715 0.0686885
5    0.284306 0.645517 0.0540576 0.0161198
6    0.0115371 0.000434122 0.98789 0.000138841
7    0.00686459 0.0145323 0.949918 0.028685
8    0.874097 0.00896378 0.0599309 0.057008
9    0.30219 0.165846 0.0580356 0.473929
10   0.296924 0.248012 0.296924 0.158139
XX
CC  program: cis-bp
CC  matrix.nb: 1
CC  accession: M0638_0.90.txt_1
CC  AC: M0638_0.90.txt_1
CC  id: SPDEF
CC  name: SPDEF
CC  version: 
CC  matrix.nb: 1
CC  consensus.strict: aaaccggata
CC  consensus.strict.rc: TATCCGGTTT
CC  consensus.IUPAC: rwmcmggawr
CC  consensus.IUPAC.rc: YWTCCKGKWY
CC  consensus.regexp: [ag][at][ac]c[ac]gga[at][ag]
CC  consensus.regexp.rc: [CT][AT]TCC[GT]G[GT][AT][CT]
XX
//
AC  M0380_0.90.txt_1
XX
ID  SP4
XX
DE  rgkgggcgkg
P0       A     C     G     T
1    0.345672 0.14923 0.297523 0.207575
2    0.236315 0.119721 0.541945 0.10202
3    0.126852 0.0135045 0.562855 0.296789
4    0.166514 1.27157e-05 0.833039 0.000433909
5    3.57011e-05 3.04224e-05 0.99967 0.000263797
6    0.011649 3.89772e-05 0.987545 0.000767376
7    0.160079 0.66892 0.0140928 0.156909
8    0.0356295 0.0248578 0.909753 0.0297602
9    0.0459858 0.0287413 0.501866 0.423407
10   0.212327 0.118882 0.458577 0.210214
XX
CC  program: cis-bp
CC  matrix.nb: 1
CC  accession: M0380_0.90.txt_1
CC  AC: M0380_0.90.txt_1
CC  id: SP4_SP8_SP2_SP7_SP3_SP1_SP6_SP5_SP9
CC  name: SP4_SP8_SP2_SP7_SP3_SP1_SP6_SP5_SP9
CC  version: 
CC  matrix.nb: 1
CC  consensus.strict: agggggcggg
CC  consensus.strict.rc: CCCGCCCCCT
CC  consensus.IUPAC: rgkgggcgkg
CC  consensus.IUPAC.rc: CMCGCCCMCY
CC  consensus.regexp: [ag]g[gt]gggcg[gt]g
CC  consensus.regexp.rc: C[AC]CGCCC[AC]C[CT]
XX
//
AC  M0383_0.90.txt_1
XX
ID  KLF4
XX
DE  dgggcgkggc
P0       A     C     G     T
1    0.3222 0.0771053 0.258571 0.342124
2    0.17485 0.000228534 0.823801 0.00112067
3    0.000271748 0.000173274 0.999363 0.000191497
4    7.40771e-05 0.000241075 0.999596     0
5    0.100743 0.660217 0.0103044 0.228736
6    0.0152107 0.000320459 0.974574 0.00989471
7    0.042318 0.0895871 0.352557 0.515538
8    0.208085 0.0765501 0.538047 0.177318
9    0.167365 0.115605 0.497789 0.219242
10   0.170239 0.414554 0.180766 0.234441
XX
CC  program: cis-bp
CC  matrix.nb: 1
CC  accession: M0383_0.90.txt_1
CC  AC: M0383_0.90.txt_1
CC  id: KLF6_KLF8_KLF5_KLF1_KLF3_KLF7_KLF12_KLF2_KLF4
CC  name: KLF6_KLF8_KLF5_KLF1_KLF3_KLF7_KLF12_KLF2_KLF4
CC  version: 
CC  matrix.nb: 1
CC  consensus.strict: tgggcgtggc
CC  consensus.strict.rc: GCCACGCCCA
CC  consensus.IUPAC: dgggcgkggc
CC  consensus.IUPAC.rc: GCCMCGCCCH
CC  consensus.regexp: [agt]gggcg[gt]ggc
CC  consensus.regexp.rc: GCC[AC]CGCCC[ACT]
XX
//
AC  M0408_0.90.txt_1
XX
ID  ZNF740
XX
DE  mrtggggggg
P0       A     C     G     T
1    0.251654 0.264556 0.24915 0.23464
2    0.285098 0.174659 0.299716 0.240527
3    0.245093 0.200665 0.150151 0.404091
4    0.0610644 0.00548452 0.872994 0.0604568
5    0.0174462 0.00285514 0.861883 0.117815
6    0.0922973 0.0218678 0.841356 0.0444789
7    0.0567681 0.000747497 0.896927 0.0455575
8    0.0339871 0.0281059 0.903233 0.0346737
9    0.0766113 0.0268092 0.670984 0.225596
10   0.170472 0.107616 0.48715 0.234762
XX
CC  program: cis-bp
CC  matrix.nb: 1
CC  accession: M0408_0.90.txt_1
CC  AC: M0408_0.90.txt_1
CC  id: ZNF740
CC  name: ZNF740
CC  version: 
CC  matrix.nb: 1
CC  consensus.strict: cgtggggggg
CC  consensus.strict.rc: CCCCCCCACG
CC  consensus.IUPAC: mrtggggggg
CC  consensus.IUPAC.rc: CCCCCCCAYK
CC  consensus.regexp: [ac][ag]tggggggg
CC  consensus.regexp.rc: CCCCCCCA[CT][GT]
XX
//
AC  M0399_0.90.txt_1
XX
ID  KLF8
XX
DE  drggygkggy
P0       A     C     G     T
1    0.272187 0.153929 0.25126 0.322624
2    0.250959 0.000240579 0.702954 0.0458462
